# CLASSICAL

avg_time = 0.008752567529678344, 0.0178715078830719, 0.023899346351623534, 0.0977346498966217, 0.16420314931869506, 0.1278181130886078
sd_time = 0.002887601995528307, 0.007456409938703018, 0.009629619497579187, 0.030777788723386063, 0.05727558056347351, 0.08631333635757185
avg_moves = 14.398, 24.335, 33.509, 75.368, 91.059, 54.083
sd_moves = 7.240581607994072, 13.099021313035541, 17.35601193103272, 25.54221957819995, 31.75351641637198, 33.95545735348125
draw = 0, 13, 97, 521, 758, 967
white_wins = 387, 481, 456, 242, 126, 16
black_wins = 613, 506, 447, 237, 116, 17

# QUANTUM_V1
avg_time = 0.05324737119674683, 0.10075943493843079, 0.16039631581306457, 0.22312244129180908, 0.4396460111141205, 0.33864057922363283, 0.13527703547477724
sd_time = 0.04196382354161201, 0.07658849547773056, 0.11021851832306824, 0.13175634980293413, 0.21065906629167297, 0.28419149313242753, 0.17019527198406134
avg_moves = 18.323, 29.562, 41.37, 57.665, 84.16, 64.824, 42.316
sd_moves = 10.753990855460094, 16.98159387485552, 21.464711361530902, 25.035765707574527, 28.032306544596185, 38.61147329317893, 15.271652411162565
draw = 11, 76, 254, 402, 684, 919, 997
white_wins = 434, 447, 360, 303, 152, 32, 1  
black_wins = 555, 477, 386, 295, 164, 49, 2

# QUANTUM_V2
avg_time = 0.0766147301197052, 0.13317222833633424, 0.18969980144500734, 0.281934171915054, 0.40187505626678466, 0.30547124457359315, 0.13494586825370788
sd_time = 0.05877304961628044, 0.09119094211467112, 0.11362690333998866, 0.1486063344491579, 0.1962804560258262, 0.2609900228825713, 0.15237524469698255
avg_moves = 20.62, 31.573, 42.501, 59.917, 78.491, 59.666, 41.831
sd_moves = 12.293523934606005, 16.499360590638048, 20.376388202922424, 23.79151418357283, 28.37073876052257, 35.131676286204716, 13.210562363425637
draw = 36, 93, 310, 458, 719, 946, 997
white_wins = 435, 446, 345, 278, 154, 24, 3 
black_wins = 529, 461, 345, 264, 127, 30, 0

# TEMPLATE
avg_time = 
sd_time = 
avg_moves =
sd_moves = 
draw = 
white_wins = 
black_wins = 